./tp1 14
[ 9 70 132 190 214 255 169 34 190 47 31 186 28 63 ]
BubbleSort()::sort()
[ 9 28 31 34 47 63 70 132 169 186 190 190 214 255 ]

./tp1 54
[ 203 14 251 189 207 17 232 54 100 47 220 120 176 78 37 131 60 157 81 238 244 90 122 78 43 137 243 224 218 204 172 64 115 180 170 193 33 199 173 208 202 56 252 175 214 50 148 241 47 44 242 238 38 251 ]
InsertionSort()::sort()
[ 14 17 33 37 38 43 44 47 47 50 54 56 60 64 78 78 81 90 100 115 120 122 131 137 148 157 170 172 173 175 176 180 189 193 199 202 203 204 207 208 214 218 220 224 232 238 238 241 242 243 244 251 251 252 ]

./tp1 66
[ 69 228 100 157 248 11 245 136 158 55 78 149 232 181 64 189 54 97 194 175 95 52 144 250 247 185 178 112 238 124 93 201 169 97 55 62 59 131 249 244 33 165 245 184 161 9 56 162 95 189 7 185 61 4 68 174 123 80 91 1 48 117 194 130 25 149 ]
QuickSort()::sort()
[ 1 4 7 9 11 25 33 48 52 54 55 55 56 59 61 62 64 68 69 78 80 91 93 95 95 97 97 100 112 117 123 124 130 131 136 144 149 149 157 158 161 162 165 169 174 175 178 181 184 185 185 189 189 194 194 201 228 232 238 244 245 245 247 248 249 250 ]
